00100000 00000100 00000000 00000000
00100000 00001000 00000000 00001001
00100000 00001001 00000000 00000000
00100000 00001010 00000000 00000000
00010001 01001000 00000000 00001111
00000000 10000000 00101000 00100000
00100000 00001001 00000000 00000000
00000001 00001010 01111000 00100010
00010001 00101111 00000000 00001001
10001100 10101011 00000000 00000000
10001100 10101100 00000000 00000100
00000001 01101100 11000000 00101010
00010011 00000000 00000000 00000010
10101100 10101100 00000000 00000000
10101100 10101011 00000000 00000100
00100000 10100101 00000000 00000100
00100001 00101001 00000000 00000001
00001000 00000000 00000000 00000111
00100001 01001010 00000000 00000001
00001000 00000000 00000000 00000100
11111111 11111111 11111111 11111111